472
955
-1322
-62
-1329
-1082
174
1923
1214
-1011
307
-1271
799
-1893
1421
-130
1888
703
1313
191
-798
1572
-1598
-1825
349
-1491
1734
688
132
857
1414
1190
642
497
-809
-489
-697
245
-1223
-794
1644
270
584
816
-553
-851
460
816
1655
2006
1620
1732
1050
907
1671
-1506
323
-1711
196
-728
-819
1438
-641
240
37
-481
-47
110
-132
-1712
184
1270
991
-454
1177
1246
-1305
-576
333
1100
-1101
-340
746
-258
211
1698
777
1410
2040
-1111
349
1082
1501
115
1163
577
-1245
-1623
1032
-1692
1785
-789
747
566
648
-1903
453
-1087
1837
-1913
-826
-1722
-5
1106
-343
354
-2019
-219
-886
-1397
303
1310
1870
1951
-1715
175
1079
47
1417
1686
1294
736
-1204
720
-698
547
-1170
117
544
-573
-965
1829
-1659
2038
891
1822
963
1740
1008
-917
-728
-462
289
-1475
834
1310
854
-1311
-941
547
1521
608
1310
1896
-1514
669
-246
-989
-1799
-114
-726
870
1406
-1586
982
532
420
-1529
1996
-887
-313
-746
-884
-198
581
-4
118
-2011
-1820
1047
1009
-142
248
-1793
-633
-608
-1981
-1464
-752
138
1609
