 -847  -848
-1353 -1354
-1107 -1108
 -581  -582
 1239  1240
  709   710
 -641  -640
  797   798
  337   336
   95    96
  -60   -59
 -528  -527
 -780  -779
 -763  -762
  196   195
 -491  -490
   67    66
   63    62
  533   532
   -4    -5
  341   340
 -620  -621
 -569  -570
 -967  -968
-1185 -1186
-1401 -1402
-1126 -1127
  502   501
 -447  -446
  505   504
 -488  -489
 -183  -184
  513   512
 -345  -346
-1649 -1648
  259   258
   38    37
 -728  -729
 1206  1205
  260   261
  590   589
  991   990
  485   484
 -110  -109
    3     4
  971   972
 1002  1003
  -11   -10
 -451  -452
 -302  -304
 -516  -517
  -72   -73
 -820  -821
 -763  -764
  514   513
  443   444
  122   121
 -357  -358
 -387  -388
 -688  -689
-1284 -1285
  138   139
 -574  -573
-1615 -1614
-1859 -1858
  258   257
  540   541
  343   344
  876   877
  852   851
 1535  1534
  166   167
 1082  1083
 1539  1538
  933   932
-1060 -1059
  158   159
  128   129
 -974  -975
