709
-359
-959
-1762
-1448
-764
822
-1099
814
1148
271
-2027
-1852
157
1900
-1754
-407
60
2021
-1900
1098
709
1422
1935
-1735
441
-1185
532
-668
236
-497
-1786
-318
-470
1302
2012
-1692
-288
-1178
159
553
1759
-2015
-315
-291
-1022
-842
-447
920
-1202
1748
1858
30
-79
228
-874
1430
687
236
532
664
-413
-282
-1777
-510
-2037
1145
-800
-1556
-307
164
1866
1979
1328
1624
1580
-78
-1284
-718
-1807
355
970
1846
1187
-1479
719
-100
1003
-692
-1045
-1232
954
1207
1367
590
-953
-155
-1743
1069
-694
1665
1320
-1546
-1387
291
1970
22
28
-1928
-1383
-651
-1516
-1061
-295
967
-827
713
189
569
851
-270
1120
1723
741
-1824
334
-1783
257
-1614
-1357
125
1447
-1526
-2035
1370
298
-1233
1086
-1413
654
-1523
886
-1844
104
-145
1717
516
-1689
-1867
-2020
168
-1716
-711
1594
46
711
1500
1127
1079
-1865
832
-1986
-1643
108
-953
-1599
1468
-1548
1906
-1740
990
-1528
-1830
-1953
-445
-1716
1239
-1555
-505
376
784
818
-1740
-1434
1205
-1056
-1655
-1599
1627
732
830
-740
-383
-106
1358
-1512
-162
-1034
1575
325
-684
