0
-131
89
536
100
-641
-1014
-541
215
-76
-624
-592
-278
-18
600
844
197
162
387
-102
36
775
1028
506
44
590
602
10
161
347
368
134
-423
105
443
-668
-738
625
1062
227
-470
-635
-977
-1237
-763
-150
-297
-1053
-965
224
528
-531
-1381
-1289
-926
-755
-172
88
-588
-801
-725
-1097
-710
514
869
592
535
378
119
191
831
1075
767
569
658
773
765
978
797
516
189
-825
-1008
226
821
173
-362
-389
-405
-149
-12
-122
137
-356
-900
-306
45
-415
-839
-599
-22
342
112
-342
-97
-77
-279
502
791
-333
-959
-333
499
647
433
131
-124
405
360
-461
-150
630
22
-1084
-938
-52
686
526
-311
28
638
73
-84
333
416
345
330
487
663
458
-282
-680
-247
387
49
-395
433
1091
467
-440
-610
-806
-640
-145
-385
-105
676
466
-619
-782
82
400
237
17
-235
-444
-201
456
751
370
-296
-347
-183
-359
47
277
-143
-251
-523
-542
43
264
-284
-911
-360
195
-4
167
5
-99
578
774
232
177
1060
1617
795
-553
-758
-85
-114
