287
429
159
458
514
-35
-8
-108
-915
-1720
-1550
-872
-1083
-1529
-894
664
1340
271
-770
-267
1151
1762
1216
765
945
1317
1596
1625
1162
524
489
845
215
-1064
-1158
-249
381
311
245
427
-150
-1015
-740
539
1297
1146
837
395
103
-50
-160
67
400
775
700
-76
-970
-917
-2
306
-143
-854
-948
-122
172
-550
-1190
-978
-607
-407
466
1268
909
45
-191
-4
-348
-582
-156
308
1108
1639
1359
777
-393
-1272
-1150
-554
173
75
-345
138
224
-789
-1390
-809
-243
-345
-207
223
613
934
364
-641
-606
-60
304
298
-49
123
12
-937
-1360
-535
161
-316
-475
240
366
-78
-191
-58
524
527
-242
-377
-82
-143
-939
-1126
22
906
1032
942
738
-34
-1222
-1558
-877
-50
473
804
1331
1262
460
437
575
46
260
499
-689
-1441
-841
-632
-1280
-1247
252
1194
705
292
66
-497
-941
-978
-1106
-1346
-1312
-1054
-864
-581
-215
-230
-801
-806
102
393
471
570
-303
-836
-88
777
1259
857
-23
-7
-67
-321
395
1160
670
-225
-217
243
1015
951
-750
-1789
-753
400
266
