-618
1815
577
1746
-1437
-1090
392
376
1831
566
767
458
1358
924
-1216
1608
262
-1774
2005
541
1751
-550
212
-571
-369
362
-233
-1465
-1202
-1590
-1941
-164
659
931
1229
-636
318
-1773
-1904
-687
569
1421
-855
1418
1227
-263
-1065
-1498
751
1327
-1403
1078
-1110
-1948
654
994
-664
152
895
-1303
-1280
1263
-524
1577
356
-451
-1596
678
623
-1497
-554
-1544
-1666
-694
766
-441
900
-596
670
187
-1985
144
1345
-1350
1671
-792
1377
1785
-1876
788
-251
1270
1119
390
-55
-955
108
-1075
-678
-997
-346
974
1350
-1154
-280
1733
-546
417
-1459
286
-233
1048
-760
1538
1924
-2008
-1597
-723
-1329
-875
1615
-1252
-1474
-631
-889
188
217
-452
-1139
-376
10
2014
-966
-1645
1069
-1221
-371
-872
360
1446
1685
-1408
-1923
-597
152
-1262
-672
668
1469
-741
1572
1469
808
266
1120
118
233
1766
-1029
-1035
-62
1854
-653
1484
-737
-1082
-131
1097
-861
1034
744
-518
244
571
-1
-1972
-812
1485
-1412
942
1953
1152
777
-1594
94
1113
569
1110
552
565
-1760
-1724
1978
420
-1249
728
-1926
1531
1434
286
1836
